Airbnb: 80.2007225595728
Listings: 29.585341175203233
Designer: 26.005158682161557
Interior: 23.823349477859324
Digital: 19.28112626242015
Spruce: 19.18725607027929
Attractive: 17.828398125380104
Bloomberg: 17.040517827051204
Rooms: 12.384724978949745
Homes: 10.340967990076303
Neo: 10.28677521569959
Beep: 10.28677521569959
Images: 10.259797429846147
Good-looking: 9.593628035139645
Lobe: 9.593628035139645
Unilever: 9.593628035139645
Frontal: 9.188094763028863
Interiors: 9.188094763028863
Renters: 9.188094763028863
Says: 8.987196820661973
Google: 8.931816237309167
Thrift: 8.900412690577083
Grumpy: 8.900412690577083
Sent: 8.861633597686627
Via: 8.837681215593197
Maybe: 8.687610843707368
Maxim: 8.677269139262872
Site: 8.496990484098719
Implant: 8.494947582468917
Bookings: 8.340694647925071
Amenities: 7.888709524182015
Professionally: 7.721791776817535
Paintings: 7.647308832356238
Variation: 7.578656850594762
Programmers: 7.578656850594762
Cardboard: 7.453561871643373
Rented: 7.396335293800808
Photographed: 7.342131730584722
Uploaded: 7.2909747781429814
Nate: 7.195187320178709
Like: 7.193685818395112
Photography: 7.150701457592526
Algorithms: 7.067319848653476
Predicts: 6.703188113240863
Enhance: 6.703188113240863
Rent: 6.675823221634848
Quit: 6.597145701886651
Taste: 6.5722825426940075
Listing: 6.548219102762372
Might: 6.516193076042964
Insights: 6.501289670540389
Cat: 6.456769655572163
Portland: 6.415096959171596
Moore: 6.415096959171596
Big: 6.3561076606958915
Matches: 6.142037405587356
Magic: 6.111467339502679
Day: 6.089044875446846
Guests: 6.023447592961033
Predict: 5.981414211254481
Benjamin: 5.955837369464831
Resistance: 5.8664680569332965
Invested: 5.855071922202427
Guest: 5.84354441703136
Reads: 5.84354441703136
Apartment: 5.84354441703136
Arrive: 5.820082930352362
Fees: 5.796057750765372
Traveling: 5.762051382780177
Cheaper: 5.700443573390687
Afford: 5.631211781821365
Promote: 5.594711379601839
Machine: 5.564520407322694
Back: 5.545177444479562
Improved: 5.356586274672012
Professional: 5.293304824724492
Sets: 5.293304824724492
Developing: 5.236441962829949
Generation: 5.214935757608986
Learning: 5.204006687076795
Fit: 5.19295685089021
Jersey: 5.170483995038151
Nice: 5.062595033026967
Pair: 5.030437921392435
Now: 4.969813299576001
Host: 4.955827057601261
Uses: 4.9344739331306915
Prevent: 4.9344739331306915
Search: 4.90527477843843
Store: 4.882801922586371
Citizens: 4.867534450455582
User: 4.844187086458591
Present: 4.8283137373023015
Photos: 4.787491742782046
Knows: 4.762173934797756
Improve: 4.718498871295094
Figure: 4.634728988229636
Offered: 4.605170185988092
Push: 4.564348191467836
Eventually: 4.543294782270004
Popular: 4.499809670330265
Customers: 4.477336814478207
Certain: 4.418840607796598
New: 4.394449154672439
Meet: 4.343805421853684
Message: 4.31748811353631
Step: 4.290459441148391
Human: 4.276666119016055
Increase: 4.2626798770413155
Build: 4.2626798770413155
Room: 4.204692619390966
Offer: 4.189654742026425
Provide: 4.189654742026425
Currently: 4.1588830833596715
Technology: 4.1588830833596715
Ways: 4.143134726391533
Bring: 4.127134385045092
Level: 4.110873864173311
Users: 4.0943445622221
Reports: 3.970291913552122
Data: 3.9318256327243257
Live: 3.9318256327243257
Job: 3.9318256327243257
Lead: 3.912023005428146
Center: 3.8918202981106265
Means: 3.8918202981106265
Idea: 3.8501476017100584
Added: 3.8501476017100584
Often: 3.828641396489095
York: 3.8066624897703196
Taking: 3.7612001156935624
System: 3.7612001156935624
Looking: 3.7376696182833684
Free: 3.713572066704308
Trying: 3.713572066704308
Actually: 3.6109179126442243
Find: 3.6109179126442243
Using: 3.6109179126442243
Future: 3.58351893845611
Service: 3.5553480614894135
Percent: 3.5263605246161616
Help: 3.332204510175204
Look: 3.295836866004329
Company: 3.2188758248682006
May: 2.9444389791664403
Going: 2.9444389791664403
Since: 2.8903717578961645
Even: 2.70805020110221
Year: 2.5649493574615367
Time: 2.3978952727983707
Will: 2.0794415416798357

